[ PAT NO. 999 ]

[ Weight U ]

0.0169427302 451209952.0000000000 11507280.0000000000 

0.0000000019 0.0001947475 -0.0007446616 

0.0001136347 104.2538528442 -40386696.0000000000 

[ Weight W ]

-0.0049226261 -1007.2926635742 -0.0000006263 

0.0000009631 -44462.6171875000 0.0000000051 

0.0000000265 -0.0167945158 25296.4492187500 

[ Weight V ]

15.4239645004 -0.1999513954 0.0000057512 

-445.0297546387 0.0000000352 -1928944384.0000000000 

7661.4077148438 -450519136.0000000000 -0.0000000067 

[ Input ]

X_1 : 5.9777336121 1.1882578135 2.8176329136 

X_2 : 2.6954026222 4.5347871780 6.0692214966 

X_3 : 1.5499181747 -2.6651303768 -4.6549234390 

H_0 : -5.6521945000 6.1344013214 1.0121442080 

